File: test_heart_weak.wav
Durata: 5.0 s
BPM: 80
Battiti: 5
Confidenza: 0.85
Picchi: [0.7402721088435374, 1.4901587301587302, 2.240204081632653, 2.9902267573696144, 3.7402267573696144]
